55
279 227
279 227
287 215
287 215
295 201
295 201
303 192
303 192
314 183
311 183
325 179
325 179
335 177
335 177
352 177
345 175
367 178
367 178
376 180
376 180
385 190
385 182
397 202
397 202
402 218
402 218
404 230
407 234
405 254
405 254
399 272
399 272
391 293
393 290
384 308
384 308
376 325
376 325
368 340
368 342
352 362
352 362
348 368
348 368
333 387
344 374
325 395
325 395
316 406
316 406
302 418
307 417
297 419
297 419
278 413
278 413
262 402
259 407
254 390
254 390
241 380
241 380
222 363
228 370
212 349
212 349
198 333
198 333
181 317
184 317
172 304
172 304
161 285
161 285
152 270
150 266
143 248
143 248
137 230
137 230
134 208
131 212
134 193
134 193
137 180
137 180
148 167
140 167
158 163
158 163
171 161
171 161
188 161
184 159
207 165
207 165
222 177
222 177
237 187
237 189
252 202
252 202
264 218
264 218
272 228
276 234
275 231
275 231
275 231
275 231
